
A1= 
    0 1 0 1
    1 1 0 0
    1 1 1 1

A2= 
    1 1 0 1
    0 1 0 0
    0 1 1 1

A3= 
    1 0 0 1
    1 1 0 0
    1 1 1 1

A4= 
    1 0 0 1
    1 1 0 0
    0 1 1 1

A5= 
    1 0 0 1
    0 1 0 0
    0 1 1 1

A6= 
    0 1 0 1
    1 1 0 0
    1 0 1 1

A7= 
    0 1 0 1
    1 1 0 0
    0 0 1 1

A8= 
    1 1 0 1
    0 1 0 0
    0 0 1 1

A9= 
    1 0 0 1
    1 1 0 0
    0 0 1 1

A10= 
    1 0 0 1
    0 1 0 0
    0 0 1 1

A11= 
    1 1 0 1
    1 0 0 0
    1 0 1 1

A12= 
    0 1 0 1
    1 0 0 0
    1 0 1 1

A13= 
    1 1 0 1
    1 0 0 0
    0 0 1 1

A14= 
    0 1 0 1
    1 0 0 0
    0 0 1 1

A15= 
    1 1 0 0
    0 1 1 0
    1 1 1 1

A16= 
    0 1 0 0
    1 1 1 0
    0 1 1 1

A17= 
    1 1 0 0
    1 0 1 0
    1 1 1 1

A18= 
    1 1 0 0
    1 0 1 0
    0 1 1 1

A19= 
    0 1 0 0
    1 0 1 0
    0 1 1 1

A20= 
    1 1 0 0
    0 1 1 0
    1 0 1 1

A21= 
    0 1 0 0
    1 1 1 0
    0 0 1 1

A22= 
    1 1 0 0
    0 1 1 0
    0 0 1 1

A23= 
    1 0 0 0
    1 1 1 0
    1 0 1 1

A24= 
    1 0 0 0
    0 1 1 0
    1 0 1 1

A25= 
    1 0 0 0
    1 1 1 0
    0 0 1 1

A26= 
    1 0 0 0
    0 1 1 0
    0 0 1 1

A27= 
    1 1 0 0
    1 0 1 0
    0 0 1 1

A28= 
    0 1 0 0
    1 0 1 0
    0 0 1 1

A29= 
    0 1 0 0
    1 1 0 0
    1 1 1 1

A30= 
    1 1 0 0
    0 1 0 0
    1 1 1 1

A31= 
    0 1 0 0
    1 1 0 0
    0 1 1 1

A32= 
    1 1 0 0
    0 1 0 0
    0 1 1 1

A33= 
    1 0 0 0
    1 1 0 0
    1 1 1 1

A34= 
    1 0 0 0
    0 1 0 0
    1 1 1 1

A35= 
    1 0 0 0
    1 1 0 0
    0 1 1 1

A36= 
    1 0 0 0
    0 1 0 0
    0 1 1 1

A37= 
    1 1 0 0
    1 0 0 0
    1 1 1 1

A38= 
    0 1 0 0
    1 0 0 0
    1 1 1 1

A39= 
    1 1 0 0
    1 0 0 0
    0 1 1 1

A40= 
    0 1 0 0
    1 0 0 0
    0 1 1 1

A41= 
    0 1 0 0
    1 1 0 0
    1 0 1 1

A42= 
    1 1 0 0
    0 1 0 0
    1 0 1 1

A43= 
    0 1 0 0
    1 1 0 0
    0 0 1 1

A44= 
    1 1 0 0
    0 1 0 0
    0 0 1 1

A45= 
    1 0 0 0
    1 1 0 0
    1 0 1 1

A46= 
    1 0 0 0
    0 1 0 0
    1 0 1 1

A47= 
    1 0 0 0
    1 1 0 0
    0 0 1 1

A48= 
    1 0 0 0
    0 1 0 0
    0 0 1 1

A49= 
    1 1 0 0
    1 0 0 0
    1 0 1 1

A50= 
    0 1 0 0
    1 0 0 0
    1 0 1 1

A51= 
    1 1 0 0
    1 0 0 0
    0 0 1 1

A52= 
    0 1 0 0
    1 0 0 0
    0 0 1 1

A53= 
    0 1 0 0
    1 1 1 0
    1 1 0 1

A54= 
    1 1 0 0
    0 1 1 0
    0 1 0 1

A55= 
    1 0 0 0
    1 1 1 0
    1 1 0 1

A56= 
    1 0 0 0
    0 1 1 0
    1 1 0 1

A57= 
    1 0 0 0
    1 1 1 0
    0 1 0 1

A58= 
    1 0 0 0
    0 1 1 0
    0 1 0 1

A59= 
    0 1 0 0
    1 0 1 0
    1 1 0 1

A60= 
    1 1 0 0
    1 0 1 0
    0 1 0 1

A61= 
    0 1 0 0
    1 1 1 0
    1 0 0 1

A62= 
    1 1 0 0
    0 1 1 0
    1 0 0 1

A63= 
    1 1 0 0
    1 0 1 0
    1 0 0 1

A64= 
    0 1 0 0
    1 0 1 0
    1 0 0 1

A65= 
    1 1 0 1
    0 1 0 0
    1 1 1 0

A66= 
    0 1 0 1
    1 1 0 0
    0 1 1 0

A67= 
    1 0 0 1
    0 1 0 0
    1 1 1 0

A68= 
    1 0 0 1
    1 1 0 0
    0 1 1 0

A69= 
    1 1 0 1
    1 0 0 0
    1 1 1 0

A70= 
    0 1 0 1
    1 0 0 0
    1 1 1 0

A71= 
    1 1 0 1
    1 0 0 0
    0 1 1 0

A72= 
    0 1 0 1
    1 0 0 0
    0 1 1 0

A73= 
    0 1 0 1
    1 1 0 0
    1 0 1 0

A74= 
    1 1 0 1
    0 1 0 0
    1 0 1 0

A75= 
    1 0 0 1
    1 1 0 0
    1 0 1 0

A76= 
    1 0 0 1
    0 1 0 0
    1 0 1 0
