
A1= 
    0 1 1 0 1
    1 1 1 0 0
    1 1 1 1 1

A2= 
    1 1 1 0 1
    0 1 1 0 0
    0 1 1 1 1

A3= 
    1 0 1 0 1
    1 1 1 0 0
    1 1 1 1 1

A4= 
    1 0 1 0 1
    1 1 1 0 0
    0 1 1 1 1

A5= 
    1 0 1 0 1
    0 1 1 0 0
    0 1 1 1 1

A6= 
    0 1 1 0 1
    1 1 1 0 0
    1 0 1 1 1

A7= 
    0 1 1 0 1
    1 1 1 0 0
    0 0 1 1 1

A8= 
    1 1 1 0 1
    0 1 1 0 0
    0 0 1 1 1

A9= 
    1 0 1 0 1
    1 1 1 0 0
    0 0 1 1 1

A10= 
    1 0 1 0 1
    0 1 1 0 0
    0 0 1 1 1

A11= 
    1 1 1 0 1
    1 0 1 0 0
    1 0 1 1 1

A12= 
    0 1 1 0 1
    1 0 1 0 0
    1 0 1 1 1

A13= 
    1 1 1 0 1
    1 0 1 0 0
    0 0 1 1 1

A14= 
    0 1 1 0 1
    1 0 1 0 0
    0 0 1 1 1

A15= 
    0 1 0 0 1
    1 1 1 0 0
    1 1 1 1 1

A16= 
    1 1 0 0 1
    0 1 1 0 0
    0 1 1 1 1

A17= 
    1 0 0 0 1
    1 1 1 0 0
    1 1 1 1 1

A18= 
    1 0 0 0 1
    1 1 1 0 0
    0 1 1 1 1

A19= 
    1 0 0 0 1
    0 1 1 0 0
    0 1 1 1 1

A20= 
    0 1 0 0 1
    1 1 1 0 0
    1 0 1 1 1

A21= 
    0 1 0 0 1
    1 1 1 0 0
    0 0 1 1 1

A22= 
    1 1 0 0 1
    0 1 1 0 0
    0 0 1 1 1

A23= 
    1 0 0 0 1
    1 1 1 0 0
    0 0 1 1 1

A24= 
    1 0 0 0 1
    0 1 1 0 0
    0 0 1 1 1

A25= 
    1 1 0 0 1
    1 0 1 0 0
    1 0 1 1 1

A26= 
    0 1 0 0 1
    1 0 1 0 0
    1 0 1 1 1

A27= 
    1 1 0 0 1
    1 0 1 0 0
    0 0 1 1 1

A28= 
    0 1 0 0 1
    1 0 1 0 0
    0 0 1 1 1

A29= 
    0 1 1 0 1
    1 1 0 0 0
    1 1 1 1 1

A30= 
    1 1 1 0 1
    0 1 0 0 0
    0 1 1 1 1

A31= 
    1 0 1 0 1
    1 1 0 0 0
    1 1 1 1 1

A32= 
    1 0 1 0 1
    1 1 0 0 0
    0 1 1 1 1

A33= 
    1 0 1 0 1
    0 1 0 0 0
    0 1 1 1 1

A34= 
    0 1 1 0 1
    1 1 0 0 0
    1 0 1 1 1

A35= 
    0 1 1 0 1
    1 1 0 0 0
    0 0 1 1 1

A36= 
    1 1 1 0 1
    0 1 0 0 0
    0 0 1 1 1

A37= 
    1 0 1 0 1
    1 1 0 0 0
    0 0 1 1 1

A38= 
    1 0 1 0 1
    0 1 0 0 0
    0 0 1 1 1

A39= 
    1 1 1 0 1
    1 0 0 0 0
    1 0 1 1 1

A40= 
    0 1 1 0 1
    1 0 0 0 0
    1 0 1 1 1

A41= 
    1 1 1 0 1
    1 0 0 0 0
    0 0 1 1 1

A42= 
    0 1 1 0 1
    1 0 0 0 0
    0 0 1 1 1

A43= 
    0 1 0 0 1
    1 1 0 0 0
    1 1 1 1 1

A44= 
    1 1 0 0 1
    0 1 0 0 0
    0 1 1 1 1

A45= 
    1 0 0 0 1
    1 1 0 0 0
    1 1 1 1 1

A46= 
    1 0 0 0 1
    1 1 0 0 0
    0 1 1 1 1

A47= 
    1 0 0 0 1
    0 1 0 0 0
    0 1 1 1 1

A48= 
    0 1 0 0 1
    1 1 0 0 0
    1 0 1 1 1

A49= 
    0 1 0 0 1
    1 1 0 0 0
    0 0 1 1 1

A50= 
    1 1 0 0 1
    0 1 0 0 0
    0 0 1 1 1

A51= 
    1 0 0 0 1
    1 1 0 0 0
    0 0 1 1 1

A52= 
    1 0 0 0 1
    0 1 0 0 0
    0 0 1 1 1

A53= 
    1 1 0 0 1
    1 0 0 0 0
    1 0 1 1 1

A54= 
    0 1 0 0 1
    1 0 0 0 0
    1 0 1 1 1

A55= 
    1 1 0 0 1
    1 0 0 0 0
    0 0 1 1 1

A56= 
    0 1 0 0 1
    1 0 0 0 0
    0 0 1 1 1

A57= 
    0 1 1 0 1
    1 1 1 0 0
    1 1 0 1 1

A58= 
    1 1 1 0 1
    0 1 1 0 0
    0 1 0 1 1

A59= 
    1 0 1 0 1
    1 1 1 0 0
    1 1 0 1 1

A60= 
    1 0 1 0 1
    1 1 1 0 0
    0 1 0 1 1

A61= 
    1 0 1 0 1
    0 1 1 0 0
    0 1 0 1 1

A62= 
    0 1 1 0 1
    1 1 1 0 0
    1 0 0 1 1

A63= 
    0 1 1 0 1
    1 1 1 0 0
    0 0 0 1 1

A64= 
    1 1 1 0 1
    0 1 1 0 0
    0 0 0 1 1

A65= 
    1 0 1 0 1
    1 1 1 0 0
    0 0 0 1 1

A66= 
    1 0 1 0 1
    0 1 1 0 0
    0 0 0 1 1

A67= 
    1 1 1 0 1
    1 0 1 0 0
    1 0 0 1 1

A68= 
    0 1 1 0 1
    1 0 1 0 0
    1 0 0 1 1

A69= 
    1 1 1 0 1
    1 0 1 0 0
    0 0 0 1 1

A70= 
    0 1 1 0 1
    1 0 1 0 0
    0 0 0 1 1

A71= 
    0 1 0 0 1
    1 1 1 0 0
    1 1 0 1 1

A72= 
    1 1 0 0 1
    0 1 1 0 0
    0 1 0 1 1

A73= 
    1 0 0 0 1
    1 1 1 0 0
    1 1 0 1 1

A74= 
    1 0 0 0 1
    1 1 1 0 0
    0 1 0 1 1

A75= 
    1 0 0 0 1
    0 1 1 0 0
    0 1 0 1 1

A76= 
    0 1 0 0 1
    1 1 1 0 0
    1 0 0 1 1

A77= 
    0 1 0 0 1
    1 1 1 0 0
    0 0 0 1 1

A78= 
    1 1 0 0 1
    0 1 1 0 0
    0 0 0 1 1

A79= 
    1 0 0 0 1
    1 1 1 0 0
    0 0 0 1 1

A80= 
    1 0 0 0 1
    0 1 1 0 0
    0 0 0 1 1

A81= 
    1 1 0 0 1
    1 0 1 0 0
    1 0 0 1 1

A82= 
    0 1 0 0 1
    1 0 1 0 0
    1 0 0 1 1

A83= 
    1 1 0 0 1
    1 0 1 0 0
    0 0 0 1 1

A84= 
    0 1 0 0 1
    1 0 1 0 0
    0 0 0 1 1

A85= 
    0 1 1 0 1
    1 1 0 0 0
    1 1 0 1 1

A86= 
    1 1 1 0 1
    0 1 0 0 0
    0 1 0 1 1

A87= 
    1 0 1 0 1
    1 1 0 0 0
    1 1 0 1 1

A88= 
    1 0 1 0 1
    1 1 0 0 0
    0 1 0 1 1

A89= 
    1 0 1 0 1
    0 1 0 0 0
    0 1 0 1 1

A90= 
    0 1 1 0 1
    1 1 0 0 0
    1 0 0 1 1

A91= 
    0 1 1 0 1
    1 1 0 0 0
    0 0 0 1 1

A92= 
    1 1 1 0 1
    0 1 0 0 0
    0 0 0 1 1

A93= 
    1 0 1 0 1
    1 1 0 0 0
    0 0 0 1 1

A94= 
    1 0 1 0 1
    0 1 0 0 0
    0 0 0 1 1

A95= 
    1 1 1 0 1
    1 0 0 0 0
    1 0 0 1 1

A96= 
    0 1 1 0 1
    1 0 0 0 0
    1 0 0 1 1

A97= 
    1 1 1 0 1
    1 0 0 0 0
    0 0 0 1 1

A98= 
    0 1 1 0 1
    1 0 0 0 0
    0 0 0 1 1

A99= 
    1 1 1 0 0
    0 1 1 1 0
    1 1 1 1 1

A100= 
    0 1 1 0 0
    1 1 1 1 0
    0 1 1 1 1

A101= 
    1 1 1 0 0
    1 0 1 1 0
    1 1 1 1 1

A102= 
    1 1 1 0 0
    1 0 1 1 0
    0 1 1 1 1

A103= 
    0 1 1 0 0
    1 0 1 1 0
    0 1 1 1 1

A104= 
    1 1 1 0 0
    0 1 1 1 0
    1 0 1 1 1

A105= 
    0 1 1 0 0
    1 1 1 1 0
    0 0 1 1 1

A106= 
    1 1 1 0 0
    0 1 1 1 0
    0 0 1 1 1

A107= 
    1 0 1 0 0
    1 1 1 1 0
    1 0 1 1 1

A108= 
    1 0 1 0 0
    0 1 1 1 0
    1 0 1 1 1

A109= 
    1 0 1 0 0
    1 1 1 1 0
    0 0 1 1 1

A110= 
    1 0 1 0 0
    0 1 1 1 0
    0 0 1 1 1

A111= 
    1 1 1 0 0
    1 0 1 1 0
    0 0 1 1 1

A112= 
    0 1 1 0 0
    1 0 1 1 0
    0 0 1 1 1

A113= 
    1 1 0 0 0
    0 1 1 1 0
    1 1 1 1 1

A114= 
    0 1 0 0 0
    1 1 1 1 0
    0 1 1 1 1

A115= 
    1 1 0 0 0
    1 0 1 1 0
    1 1 1 1 1

A116= 
    1 1 0 0 0
    1 0 1 1 0
    0 1 1 1 1

A117= 
    0 1 0 0 0
    1 0 1 1 0
    0 1 1 1 1

A118= 
    1 1 0 0 0
    0 1 1 1 0
    1 0 1 1 1

A119= 
    0 1 0 0 0
    1 1 1 1 0
    0 0 1 1 1

A120= 
    1 1 0 0 0
    0 1 1 1 0
    0 0 1 1 1

A121= 
    1 0 0 0 0
    1 1 1 1 0
    1 0 1 1 1

A122= 
    1 0 0 0 0
    0 1 1 1 0
    1 0 1 1 1

A123= 
    1 0 0 0 0
    1 1 1 1 0
    0 0 1 1 1

A124= 
    1 0 0 0 0
    0 1 1 1 0
    0 0 1 1 1

A125= 
    1 1 0 0 0
    1 0 1 1 0
    0 0 1 1 1

A126= 
    0 1 0 0 0
    1 0 1 1 0
    0 0 1 1 1

A127= 
    1 1 1 0 0
    0 1 0 1 0
    1 1 1 1 1

A128= 
    0 1 1 0 0
    1 1 0 1 0
    0 1 1 1 1

A129= 
    1 1 1 0 0
    1 0 0 1 0
    1 1 1 1 1

A130= 
    1 1 1 0 0
    1 0 0 1 0
    0 1 1 1 1

A131= 
    0 1 1 0 0
    1 0 0 1 0
    0 1 1 1 1

A132= 
    1 1 1 0 0
    0 1 0 1 0
    1 0 1 1 1

A133= 
    0 1 1 0 0
    1 1 0 1 0
    0 0 1 1 1

A134= 
    1 1 1 0 0
    0 1 0 1 0
    0 0 1 1 1

A135= 
    1 0 1 0 0
    1 1 0 1 0
    1 0 1 1 1

A136= 
    1 0 1 0 0
    0 1 0 1 0
    1 0 1 1 1

A137= 
    1 0 1 0 0
    1 1 0 1 0
    0 0 1 1 1

A138= 
    1 0 1 0 0
    0 1 0 1 0
    0 0 1 1 1

A139= 
    1 1 1 0 0
    1 0 0 1 0
    0 0 1 1 1

A140= 
    0 1 1 0 0
    1 0 0 1 0
    0 0 1 1 1

A141= 
    1 1 0 0 0
    0 1 0 1 0
    1 1 1 1 1

A142= 
    0 1 0 0 0
    1 1 0 1 0
    0 1 1 1 1

A143= 
    1 1 0 0 0
    1 0 0 1 0
    1 1 1 1 1

A144= 
    1 1 0 0 0
    1 0 0 1 0
    0 1 1 1 1

A145= 
    0 1 0 0 0
    1 0 0 1 0
    0 1 1 1 1

A146= 
    1 1 0 0 0
    0 1 0 1 0
    1 0 1 1 1

A147= 
    0 1 0 0 0
    1 1 0 1 0
    0 0 1 1 1

A148= 
    1 1 0 0 0
    0 1 0 1 0
    0 0 1 1 1

A149= 
    1 0 0 0 0
    1 1 0 1 0
    1 0 1 1 1

A150= 
    1 0 0 0 0
    0 1 0 1 0
    1 0 1 1 1

A151= 
    1 0 0 0 0
    1 1 0 1 0
    0 0 1 1 1

A152= 
    1 0 0 0 0
    0 1 0 1 0
    0 0 1 1 1

A153= 
    1 1 0 0 0
    1 0 0 1 0
    0 0 1 1 1

A154= 
    0 1 0 0 0
    1 0 0 1 0
    0 0 1 1 1

A155= 
    1 1 1 0 0
    0 1 1 1 0
    1 1 0 1 1

A156= 
    0 1 1 0 0
    1 1 1 1 0
    0 1 0 1 1

A157= 
    1 1 1 0 0
    1 0 1 1 0
    1 1 0 1 1

A158= 
    1 1 1 0 0
    1 0 1 1 0
    0 1 0 1 1

A159= 
    0 1 1 0 0
    1 0 1 1 0
    0 1 0 1 1

A160= 
    1 1 1 0 0
    0 1 1 1 0
    1 0 0 1 1

A161= 
    0 1 1 0 0
    1 1 1 1 0
    0 0 0 1 1

A162= 
    1 1 1 0 0
    0 1 1 1 0
    0 0 0 1 1

A163= 
    1 0 1 0 0
    1 1 1 1 0
    1 0 0 1 1

A164= 
    1 0 1 0 0
    0 1 1 1 0
    1 0 0 1 1

A165= 
    1 0 1 0 0
    1 1 1 1 0
    0 0 0 1 1

A166= 
    1 0 1 0 0
    0 1 1 1 0
    0 0 0 1 1

A167= 
    1 1 1 0 0
    1 0 1 1 0
    0 0 0 1 1

A168= 
    0 1 1 0 0
    1 0 1 1 0
    0 0 0 1 1

A169= 
    1 1 0 0 0
    0 1 1 1 0
    1 1 0 1 1

A170= 
    0 1 0 0 0
    1 1 1 1 0
    0 1 0 1 1

A171= 
    1 1 0 0 0
    1 0 1 1 0
    1 1 0 1 1

A172= 
    1 1 0 0 0
    1 0 1 1 0
    0 1 0 1 1

A173= 
    0 1 0 0 0
    1 0 1 1 0
    0 1 0 1 1

A174= 
    1 1 0 0 0
    0 1 1 1 0
    1 0 0 1 1

A175= 
    0 1 0 0 0
    1 1 1 1 0
    0 0 0 1 1

A176= 
    1 1 0 0 0
    0 1 1 1 0
    0 0 0 1 1

A177= 
    1 0 0 0 0
    1 1 1 1 0
    1 0 0 1 1

A178= 
    1 0 0 0 0
    0 1 1 1 0
    1 0 0 1 1

A179= 
    1 0 0 0 0
    1 1 1 1 0
    0 0 0 1 1

A180= 
    1 0 0 0 0
    0 1 1 1 0
    0 0 0 1 1

A181= 
    1 1 0 0 0
    1 0 1 1 0
    0 0 0 1 1

A182= 
    0 1 0 0 0
    1 0 1 1 0
    0 0 0 1 1

A183= 
    1 1 1 0 0
    0 1 0 1 0
    1 1 0 1 1

A184= 
    0 1 1 0 0
    1 1 0 1 0
    0 1 0 1 1

A185= 
    1 1 1 0 0
    1 0 0 1 0
    1 1 0 1 1

A186= 
    1 1 1 0 0
    1 0 0 1 0
    0 1 0 1 1

A187= 
    0 1 1 0 0
    1 0 0 1 0
    0 1 0 1 1

A188= 
    1 1 1 0 0
    0 1 0 1 0
    1 0 0 1 1

A189= 
    0 1 1 0 0
    1 1 0 1 0
    0 0 0 1 1

A190= 
    1 1 1 0 0
    0 1 0 1 0
    0 0 0 1 1

A191= 
    1 0 1 0 0
    1 1 0 1 0
    1 0 0 1 1

A192= 
    1 0 1 0 0
    0 1 0 1 0
    1 0 0 1 1

A193= 
    1 0 1 0 0
    1 1 0 1 0
    0 0 0 1 1

A194= 
    1 0 1 0 0
    0 1 0 1 0
    0 0 0 1 1

A195= 
    1 1 1 0 0
    1 0 0 1 0
    0 0 0 1 1

A196= 
    0 1 1 0 0
    1 0 0 1 0
    0 0 0 1 1

A197= 
    0 1 1 0 0
    1 1 1 0 0
    1 1 1 1 1

A198= 
    1 1 1 0 0
    0 1 1 0 0
    1 1 1 1 1

A199= 
    0 1 1 0 0
    1 1 1 0 0
    0 1 1 1 1

A200= 
    1 1 1 0 0
    0 1 1 0 0
    0 1 1 1 1

A201= 
    1 0 1 0 0
    1 1 1 0 0
    1 1 1 1 1

A202= 
    1 0 1 0 0
    0 1 1 0 0
    1 1 1 1 1

A203= 
    1 0 1 0 0
    1 1 1 0 0
    0 1 1 1 1

A204= 
    1 0 1 0 0
    0 1 1 0 0
    0 1 1 1 1

A205= 
    1 1 1 0 0
    1 0 1 0 0
    1 1 1 1 1

A206= 
    0 1 1 0 0
    1 0 1 0 0
    1 1 1 1 1

A207= 
    1 1 1 0 0
    1 0 1 0 0
    0 1 1 1 1

A208= 
    0 1 1 0 0
    1 0 1 0 0
    0 1 1 1 1

A209= 
    0 1 1 0 0
    1 1 1 0 0
    1 0 1 1 1

A210= 
    1 1 1 0 0
    0 1 1 0 0
    1 0 1 1 1

A211= 
    0 1 1 0 0
    1 1 1 0 0
    0 0 1 1 1

A212= 
    1 1 1 0 0
    0 1 1 0 0
    0 0 1 1 1

A213= 
    1 0 1 0 0
    1 1 1 0 0
    1 0 1 1 1

A214= 
    1 0 1 0 0
    0 1 1 0 0
    1 0 1 1 1

A215= 
    1 0 1 0 0
    1 1 1 0 0
    0 0 1 1 1

A216= 
    1 0 1 0 0
    0 1 1 0 0
    0 0 1 1 1

A217= 
    1 1 1 0 0
    1 0 1 0 0
    1 0 1 1 1

A218= 
    0 1 1 0 0
    1 0 1 0 0
    1 0 1 1 1

A219= 
    1 1 1 0 0
    1 0 1 0 0
    0 0 1 1 1

A220= 
    0 1 1 0 0
    1 0 1 0 0
    0 0 1 1 1

A221= 
    0 1 0 0 0
    1 1 1 0 0
    1 1 1 1 1

A222= 
    1 1 0 0 0
    0 1 1 0 0
    1 1 1 1 1

A223= 
    0 1 0 0 0
    1 1 1 0 0
    0 1 1 1 1

A224= 
    1 1 0 0 0
    0 1 1 0 0
    0 1 1 1 1

A225= 
    1 0 0 0 0
    1 1 1 0 0
    1 1 1 1 1

A226= 
    1 0 0 0 0
    0 1 1 0 0
    1 1 1 1 1

A227= 
    1 0 0 0 0
    1 1 1 0 0
    0 1 1 1 1

A228= 
    1 0 0 0 0
    0 1 1 0 0
    0 1 1 1 1

A229= 
    1 1 0 0 0
    1 0 1 0 0
    1 1 1 1 1

A230= 
    0 1 0 0 0
    1 0 1 0 0
    1 1 1 1 1

A231= 
    1 1 0 0 0
    1 0 1 0 0
    0 1 1 1 1

A232= 
    0 1 0 0 0
    1 0 1 0 0
    0 1 1 1 1

A233= 
    0 1 0 0 0
    1 1 1 0 0
    1 0 1 1 1

A234= 
    1 1 0 0 0
    0 1 1 0 0
    1 0 1 1 1

A235= 
    0 1 0 0 0
    1 1 1 0 0
    0 0 1 1 1

A236= 
    1 1 0 0 0
    0 1 1 0 0
    0 0 1 1 1

A237= 
    1 0 0 0 0
    1 1 1 0 0
    1 0 1 1 1

A238= 
    1 0 0 0 0
    0 1 1 0 0
    1 0 1 1 1

A239= 
    1 0 0 0 0
    1 1 1 0 0
    0 0 1 1 1

A240= 
    1 0 0 0 0
    0 1 1 0 0
    0 0 1 1 1

A241= 
    1 1 0 0 0
    1 0 1 0 0
    1 0 1 1 1

A242= 
    0 1 0 0 0
    1 0 1 0 0
    1 0 1 1 1

A243= 
    1 1 0 0 0
    1 0 1 0 0
    0 0 1 1 1

A244= 
    0 1 0 0 0
    1 0 1 0 0
    0 0 1 1 1

A245= 
    0 1 1 0 0
    1 1 0 0 0
    1 1 1 1 1

A246= 
    1 1 1 0 0
    0 1 0 0 0
    1 1 1 1 1

A247= 
    0 1 1 0 0
    1 1 0 0 0
    0 1 1 1 1

A248= 
    1 1 1 0 0
    0 1 0 0 0
    0 1 1 1 1

A249= 
    1 0 1 0 0
    1 1 0 0 0
    1 1 1 1 1

A250= 
    1 0 1 0 0
    0 1 0 0 0
    1 1 1 1 1

A251= 
    1 0 1 0 0
    1 1 0 0 0
    0 1 1 1 1

A252= 
    1 0 1 0 0
    0 1 0 0 0
    0 1 1 1 1

A253= 
    1 1 1 0 0
    1 0 0 0 0
    1 1 1 1 1

A254= 
    0 1 1 0 0
    1 0 0 0 0
    1 1 1 1 1

A255= 
    1 1 1 0 0
    1 0 0 0 0
    0 1 1 1 1

A256= 
    0 1 1 0 0
    1 0 0 0 0
    0 1 1 1 1

A257= 
    0 1 1 0 0
    1 1 0 0 0
    1 0 1 1 1

A258= 
    1 1 1 0 0
    0 1 0 0 0
    1 0 1 1 1

A259= 
    0 1 1 0 0
    1 1 0 0 0
    0 0 1 1 1

A260= 
    1 1 1 0 0
    0 1 0 0 0
    0 0 1 1 1

A261= 
    1 0 1 0 0
    1 1 0 0 0
    1 0 1 1 1

A262= 
    1 0 1 0 0
    0 1 0 0 0
    1 0 1 1 1

A263= 
    1 0 1 0 0
    1 1 0 0 0
    0 0 1 1 1

A264= 
    1 0 1 0 0
    0 1 0 0 0
    0 0 1 1 1

A265= 
    1 1 1 0 0
    1 0 0 0 0
    1 0 1 1 1

A266= 
    0 1 1 0 0
    1 0 0 0 0
    1 0 1 1 1

A267= 
    1 1 1 0 0
    1 0 0 0 0
    0 0 1 1 1

A268= 
    0 1 1 0 0
    1 0 0 0 0
    0 0 1 1 1

A269= 
    0 1 0 0 0
    1 1 0 0 0
    1 1 1 1 1

A270= 
    1 1 0 0 0
    0 1 0 0 0
    1 1 1 1 1

A271= 
    0 1 0 0 0
    1 1 0 0 0
    0 1 1 1 1

A272= 
    1 1 0 0 0
    0 1 0 0 0
    0 1 1 1 1

A273= 
    1 0 0 0 0
    1 1 0 0 0
    1 1 1 1 1

A274= 
    1 0 0 0 0
    0 1 0 0 0
    1 1 1 1 1

A275= 
    1 0 0 0 0
    1 1 0 0 0
    0 1 1 1 1

A276= 
    1 0 0 0 0
    0 1 0 0 0
    0 1 1 1 1

A277= 
    1 1 0 0 0
    1 0 0 0 0
    1 1 1 1 1

A278= 
    0 1 0 0 0
    1 0 0 0 0
    1 1 1 1 1

A279= 
    1 1 0 0 0
    1 0 0 0 0
    0 1 1 1 1

A280= 
    0 1 0 0 0
    1 0 0 0 0
    0 1 1 1 1

A281= 
    0 1 0 0 0
    1 1 0 0 0
    1 0 1 1 1

A282= 
    1 1 0 0 0
    0 1 0 0 0
    1 0 1 1 1

A283= 
    0 1 0 0 0
    1 1 0 0 0
    0 0 1 1 1

A284= 
    1 1 0 0 0
    0 1 0 0 0
    0 0 1 1 1

A285= 
    1 0 0 0 0
    1 1 0 0 0
    1 0 1 1 1

A286= 
    1 0 0 0 0
    0 1 0 0 0
    1 0 1 1 1

A287= 
    1 0 0 0 0
    1 1 0 0 0
    0 0 1 1 1

A288= 
    1 0 0 0 0
    0 1 0 0 0
    0 0 1 1 1

A289= 
    1 1 0 0 0
    1 0 0 0 0
    1 0 1 1 1

A290= 
    0 1 0 0 0
    1 0 0 0 0
    1 0 1 1 1

A291= 
    1 1 0 0 0
    1 0 0 0 0
    0 0 1 1 1

A292= 
    0 1 0 0 0
    1 0 0 0 0
    0 0 1 1 1

A293= 
    0 1 1 0 0
    1 1 1 0 0
    1 1 0 1 1

A294= 
    1 1 1 0 0
    0 1 1 0 0
    1 1 0 1 1

A295= 
    0 1 1 0 0
    1 1 1 0 0
    0 1 0 1 1

A296= 
    1 1 1 0 0
    0 1 1 0 0
    0 1 0 1 1

A297= 
    1 0 1 0 0
    1 1 1 0 0
    1 1 0 1 1

A298= 
    1 0 1 0 0
    0 1 1 0 0
    1 1 0 1 1

A299= 
    1 0 1 0 0
    1 1 1 0 0
    0 1 0 1 1

A300= 
    1 0 1 0 0
    0 1 1 0 0
    0 1 0 1 1

A301= 
    1 1 1 0 0
    1 0 1 0 0
    1 1 0 1 1

A302= 
    0 1 1 0 0
    1 0 1 0 0
    1 1 0 1 1

A303= 
    1 1 1 0 0
    1 0 1 0 0
    0 1 0 1 1

A304= 
    0 1 1 0 0
    1 0 1 0 0
    0 1 0 1 1

A305= 
    0 1 1 0 0
    1 1 1 0 0
    1 0 0 1 1

A306= 
    1 1 1 0 0
    0 1 1 0 0
    1 0 0 1 1

A307= 
    0 1 1 0 0
    1 1 1 0 0
    0 0 0 1 1

A308= 
    1 1 1 0 0
    0 1 1 0 0
    0 0 0 1 1

A309= 
    1 0 1 0 0
    1 1 1 0 0
    1 0 0 1 1

A310= 
    1 0 1 0 0
    0 1 1 0 0
    1 0 0 1 1

A311= 
    1 0 1 0 0
    1 1 1 0 0
    0 0 0 1 1

A312= 
    1 0 1 0 0
    0 1 1 0 0
    0 0 0 1 1

A313= 
    1 1 1 0 0
    1 0 1 0 0
    1 0 0 1 1

A314= 
    0 1 1 0 0
    1 0 1 0 0
    1 0 0 1 1

A315= 
    1 1 1 0 0
    1 0 1 0 0
    0 0 0 1 1

A316= 
    0 1 1 0 0
    1 0 1 0 0
    0 0 0 1 1

A317= 
    0 1 0 0 0
    1 1 1 0 0
    1 1 0 1 1

A318= 
    1 1 0 0 0
    0 1 1 0 0
    1 1 0 1 1

A319= 
    0 1 0 0 0
    1 1 1 0 0
    0 1 0 1 1

A320= 
    1 1 0 0 0
    0 1 1 0 0
    0 1 0 1 1

A321= 
    1 0 0 0 0
    1 1 1 0 0
    1 1 0 1 1

A322= 
    1 0 0 0 0
    0 1 1 0 0
    1 1 0 1 1

A323= 
    1 0 0 0 0
    1 1 1 0 0
    0 1 0 1 1

A324= 
    1 0 0 0 0
    0 1 1 0 0
    0 1 0 1 1

A325= 
    1 1 0 0 0
    1 0 1 0 0
    1 1 0 1 1

A326= 
    0 1 0 0 0
    1 0 1 0 0
    1 1 0 1 1

A327= 
    1 1 0 0 0
    1 0 1 0 0
    0 1 0 1 1

A328= 
    0 1 0 0 0
    1 0 1 0 0
    0 1 0 1 1

A329= 
    0 1 0 0 0
    1 1 1 0 0
    1 0 0 1 1

A330= 
    1 1 0 0 0
    0 1 1 0 0
    1 0 0 1 1

A331= 
    0 1 0 0 0
    1 1 1 0 0
    0 0 0 1 1

A332= 
    1 1 0 0 0
    0 1 1 0 0
    0 0 0 1 1

A333= 
    1 0 0 0 0
    1 1 1 0 0
    1 0 0 1 1

A334= 
    1 0 0 0 0
    0 1 1 0 0
    1 0 0 1 1

A335= 
    1 0 0 0 0
    1 1 1 0 0
    0 0 0 1 1

A336= 
    1 0 0 0 0
    0 1 1 0 0
    0 0 0 1 1

A337= 
    1 1 0 0 0
    1 0 1 0 0
    1 0 0 1 1

A338= 
    0 1 0 0 0
    1 0 1 0 0
    1 0 0 1 1

A339= 
    1 1 0 0 0
    1 0 1 0 0
    0 0 0 1 1

A340= 
    0 1 0 0 0
    1 0 1 0 0
    0 0 0 1 1

A341= 
    0 1 1 0 0
    1 1 0 0 0
    1 1 0 1 1

A342= 
    1 1 1 0 0
    0 1 0 0 0
    1 1 0 1 1

A343= 
    0 1 1 0 0
    1 1 0 0 0
    0 1 0 1 1

A344= 
    1 1 1 0 0
    0 1 0 0 0
    0 1 0 1 1

A345= 
    1 0 1 0 0
    1 1 0 0 0
    1 1 0 1 1

A346= 
    1 0 1 0 0
    0 1 0 0 0
    1 1 0 1 1

A347= 
    1 0 1 0 0
    1 1 0 0 0
    0 1 0 1 1

A348= 
    1 0 1 0 0
    0 1 0 0 0
    0 1 0 1 1

A349= 
    1 1 1 0 0
    1 0 0 0 0
    1 1 0 1 1

A350= 
    0 1 1 0 0
    1 0 0 0 0
    1 1 0 1 1

A351= 
    1 1 1 0 0
    1 0 0 0 0
    0 1 0 1 1

A352= 
    0 1 1 0 0
    1 0 0 0 0
    0 1 0 1 1

A353= 
    0 1 1 0 0
    1 1 0 0 0
    1 0 0 1 1

A354= 
    1 1 1 0 0
    0 1 0 0 0
    1 0 0 1 1

A355= 
    0 1 1 0 0
    1 1 0 0 0
    0 0 0 1 1

A356= 
    1 1 1 0 0
    0 1 0 0 0
    0 0 0 1 1

A357= 
    1 0 1 0 0
    1 1 0 0 0
    1 0 0 1 1

A358= 
    1 0 1 0 0
    0 1 0 0 0
    1 0 0 1 1

A359= 
    1 0 1 0 0
    1 1 0 0 0
    0 0 0 1 1

A360= 
    1 0 1 0 0
    0 1 0 0 0
    0 0 0 1 1

A361= 
    1 1 1 0 0
    1 0 0 0 0
    1 0 0 1 1

A362= 
    0 1 1 0 0
    1 0 0 0 0
    1 0 0 1 1

A363= 
    1 1 1 0 0
    1 0 0 0 0
    0 0 0 1 1

A364= 
    0 1 1 0 0
    1 0 0 0 0
    0 0 0 1 1

A365= 
    0 1 1 0 0
    1 1 1 1 0
    1 1 1 0 1

A366= 
    1 1 1 0 0
    0 1 1 1 0
    0 1 1 0 1

A367= 
    1 0 1 0 0
    1 1 1 1 0
    1 1 1 0 1

A368= 
    1 0 1 0 0
    0 1 1 1 0
    1 1 1 0 1

A369= 
    1 0 1 0 0
    1 1 1 1 0
    0 1 1 0 1

A370= 
    1 0 1 0 0
    0 1 1 1 0
    0 1 1 0 1

A371= 
    0 1 1 0 0
    1 0 1 1 0
    1 1 1 0 1

A372= 
    1 1 1 0 0
    1 0 1 1 0
    0 1 1 0 1

A373= 
    0 1 1 0 0
    1 1 1 1 0
    1 0 1 0 1

A374= 
    1 1 1 0 0
    0 1 1 1 0
    1 0 1 0 1

A375= 
    1 1 1 0 0
    1 0 1 1 0
    1 0 1 0 1

A376= 
    0 1 1 0 0
    1 0 1 1 0
    1 0 1 0 1

A377= 
    0 1 0 0 0
    1 1 1 1 0
    1 1 1 0 1

A378= 
    1 1 0 0 0
    0 1 1 1 0
    0 1 1 0 1

A379= 
    1 0 0 0 0
    1 1 1 1 0
    1 1 1 0 1

A380= 
    1 0 0 0 0
    0 1 1 1 0
    1 1 1 0 1

A381= 
    1 0 0 0 0
    1 1 1 1 0
    0 1 1 0 1

A382= 
    1 0 0 0 0
    0 1 1 1 0
    0 1 1 0 1

A383= 
    0 1 0 0 0
    1 0 1 1 0
    1 1 1 0 1

A384= 
    1 1 0 0 0
    1 0 1 1 0
    0 1 1 0 1

A385= 
    0 1 0 0 0
    1 1 1 1 0
    1 0 1 0 1

A386= 
    1 1 0 0 0
    0 1 1 1 0
    1 0 1 0 1

A387= 
    1 1 0 0 0
    1 0 1 1 0
    1 0 1 0 1

A388= 
    0 1 0 0 0
    1 0 1 1 0
    1 0 1 0 1

A389= 
    0 1 1 0 0
    1 1 0 1 0
    1 1 1 0 1

A390= 
    1 1 1 0 0
    0 1 0 1 0
    0 1 1 0 1

A391= 
    1 0 1 0 0
    1 1 0 1 0
    1 1 1 0 1

A392= 
    1 0 1 0 0
    0 1 0 1 0
    1 1 1 0 1

A393= 
    1 0 1 0 0
    1 1 0 1 0
    0 1 1 0 1

A394= 
    1 0 1 0 0
    0 1 0 1 0
    0 1 1 0 1

A395= 
    0 1 1 0 0
    1 0 0 1 0
    1 1 1 0 1

A396= 
    1 1 1 0 0
    1 0 0 1 0
    0 1 1 0 1

A397= 
    0 1 1 0 0
    1 1 0 1 0
    1 0 1 0 1

A398= 
    1 1 1 0 0
    0 1 0 1 0
    1 0 1 0 1

A399= 
    1 1 1 0 0
    1 0 0 1 0
    1 0 1 0 1

A400= 
    0 1 1 0 0
    1 0 0 1 0
    1 0 1 0 1

A401= 
    0 1 0 0 0
    1 1 0 1 0
    1 1 1 0 1

A402= 
    1 1 0 0 0
    0 1 0 1 0
    0 1 1 0 1

A403= 
    1 0 0 0 0
    1 1 0 1 0
    1 1 1 0 1

A404= 
    1 0 0 0 0
    0 1 0 1 0
    1 1 1 0 1

A405= 
    1 0 0 0 0
    1 1 0 1 0
    0 1 1 0 1

A406= 
    1 0 0 0 0
    0 1 0 1 0
    0 1 1 0 1

A407= 
    0 1 0 0 0
    1 0 0 1 0
    1 1 1 0 1

A408= 
    1 1 0 0 0
    1 0 0 1 0
    0 1 1 0 1

A409= 
    0 1 0 0 0
    1 1 0 1 0
    1 0 1 0 1

A410= 
    1 1 0 0 0
    0 1 0 1 0
    1 0 1 0 1

A411= 
    1 1 0 0 0
    1 0 0 1 0
    1 0 1 0 1

A412= 
    0 1 0 0 0
    1 0 0 1 0
    1 0 1 0 1

A413= 
    0 1 1 0 0
    1 1 1 1 0
    1 1 0 0 1

A414= 
    1 1 1 0 0
    0 1 1 1 0
    0 1 0 0 1

A415= 
    1 0 1 0 0
    1 1 1 1 0
    1 1 0 0 1

A416= 
    1 0 1 0 0
    0 1 1 1 0
    1 1 0 0 1

A417= 
    1 0 1 0 0
    1 1 1 1 0
    0 1 0 0 1

A418= 
    1 0 1 0 0
    0 1 1 1 0
    0 1 0 0 1

A419= 
    0 1 1 0 0
    1 0 1 1 0
    1 1 0 0 1

A420= 
    1 1 1 0 0
    1 0 1 1 0
    0 1 0 0 1

A421= 
    0 1 1 0 0
    1 1 1 1 0
    1 0 0 0 1

A422= 
    1 1 1 0 0
    0 1 1 1 0
    1 0 0 0 1

A423= 
    1 1 1 0 0
    1 0 1 1 0
    1 0 0 0 1

A424= 
    0 1 1 0 0
    1 0 1 1 0
    1 0 0 0 1

A425= 
    0 1 0 0 0
    1 1 1 1 0
    1 1 0 0 1

A426= 
    1 1 0 0 0
    0 1 1 1 0
    0 1 0 0 1

A427= 
    1 0 0 0 0
    1 1 1 1 0
    1 1 0 0 1

A428= 
    1 0 0 0 0
    0 1 1 1 0
    1 1 0 0 1

A429= 
    1 0 0 0 0
    1 1 1 1 0
    0 1 0 0 1

A430= 
    1 0 0 0 0
    0 1 1 1 0
    0 1 0 0 1

A431= 
    0 1 0 0 0
    1 0 1 1 0
    1 1 0 0 1

A432= 
    1 1 0 0 0
    1 0 1 1 0
    0 1 0 0 1

A433= 
    0 1 0 0 0
    1 1 1 1 0
    1 0 0 0 1

A434= 
    1 1 0 0 0
    0 1 1 1 0
    1 0 0 0 1

A435= 
    1 1 0 0 0
    1 0 1 1 0
    1 0 0 0 1

A436= 
    0 1 0 0 0
    1 0 1 1 0
    1 0 0 0 1

A437= 
    0 1 1 0 0
    1 1 0 1 0
    1 1 0 0 1

A438= 
    1 1 1 0 0
    0 1 0 1 0
    0 1 0 0 1

A439= 
    1 0 1 0 0
    1 1 0 1 0
    1 1 0 0 1

A440= 
    1 0 1 0 0
    0 1 0 1 0
    1 1 0 0 1

A441= 
    1 0 1 0 0
    1 1 0 1 0
    0 1 0 0 1

A442= 
    1 0 1 0 0
    0 1 0 1 0
    0 1 0 0 1

A443= 
    0 1 1 0 0
    1 0 0 1 0
    1 1 0 0 1

A444= 
    1 1 1 0 0
    1 0 0 1 0
    0 1 0 0 1

A445= 
    0 1 1 0 0
    1 1 0 1 0
    1 0 0 0 1

A446= 
    1 1 1 0 0
    0 1 0 1 0
    1 0 0 0 1

A447= 
    1 1 1 0 0
    1 0 0 1 0
    1 0 0 0 1

A448= 
    0 1 1 0 0
    1 0 0 1 0
    1 0 0 0 1

A449= 
    1 1 1 0 1
    0 1 1 0 0
    1 1 1 1 0

A450= 
    0 1 1 0 1
    1 1 1 0 0
    0 1 1 1 0

A451= 
    1 0 1 0 1
    0 1 1 0 0
    1 1 1 1 0

A452= 
    1 0 1 0 1
    1 1 1 0 0
    0 1 1 1 0

A453= 
    1 1 1 0 1
    1 0 1 0 0
    1 1 1 1 0

A454= 
    0 1 1 0 1
    1 0 1 0 0
    1 1 1 1 0

A455= 
    1 1 1 0 1
    1 0 1 0 0
    0 1 1 1 0

A456= 
    0 1 1 0 1
    1 0 1 0 0
    0 1 1 1 0

A457= 
    0 1 1 0 1
    1 1 1 0 0
    1 0 1 1 0

A458= 
    1 1 1 0 1
    0 1 1 0 0
    1 0 1 1 0

A459= 
    1 0 1 0 1
    1 1 1 0 0
    1 0 1 1 0

A460= 
    1 0 1 0 1
    0 1 1 0 0
    1 0 1 1 0

A461= 
    1 1 0 0 1
    0 1 1 0 0
    1 1 1 1 0

A462= 
    0 1 0 0 1
    1 1 1 0 0
    0 1 1 1 0

A463= 
    1 0 0 0 1
    0 1 1 0 0
    1 1 1 1 0

A464= 
    1 0 0 0 1
    1 1 1 0 0
    0 1 1 1 0

A465= 
    1 1 0 0 1
    1 0 1 0 0
    1 1 1 1 0

A466= 
    0 1 0 0 1
    1 0 1 0 0
    1 1 1 1 0

A467= 
    1 1 0 0 1
    1 0 1 0 0
    0 1 1 1 0

A468= 
    0 1 0 0 1
    1 0 1 0 0
    0 1 1 1 0

A469= 
    0 1 0 0 1
    1 1 1 0 0
    1 0 1 1 0

A470= 
    1 1 0 0 1
    0 1 1 0 0
    1 0 1 1 0

A471= 
    1 0 0 0 1
    1 1 1 0 0
    1 0 1 1 0

A472= 
    1 0 0 0 1
    0 1 1 0 0
    1 0 1 1 0

A473= 
    1 1 1 0 1
    0 1 0 0 0
    1 1 1 1 0

A474= 
    0 1 1 0 1
    1 1 0 0 0
    0 1 1 1 0

A475= 
    1 0 1 0 1
    0 1 0 0 0
    1 1 1 1 0

A476= 
    1 0 1 0 1
    1 1 0 0 0
    0 1 1 1 0

A477= 
    1 1 1 0 1
    1 0 0 0 0
    1 1 1 1 0

A478= 
    0 1 1 0 1
    1 0 0 0 0
    1 1 1 1 0

A479= 
    1 1 1 0 1
    1 0 0 0 0
    0 1 1 1 0

A480= 
    0 1 1 0 1
    1 0 0 0 0
    0 1 1 1 0

A481= 
    0 1 1 0 1
    1 1 0 0 0
    1 0 1 1 0

A482= 
    1 1 1 0 1
    0 1 0 0 0
    1 0 1 1 0

A483= 
    1 0 1 0 1
    1 1 0 0 0
    1 0 1 1 0

A484= 
    1 0 1 0 1
    0 1 0 0 0
    1 0 1 1 0

A485= 
    1 1 0 0 1
    0 1 0 0 0
    1 1 1 1 0

A486= 
    0 1 0 0 1
    1 1 0 0 0
    0 1 1 1 0

A487= 
    1 0 0 0 1
    0 1 0 0 0
    1 1 1 1 0

A488= 
    1 0 0 0 1
    1 1 0 0 0
    0 1 1 1 0

A489= 
    1 1 0 0 1
    1 0 0 0 0
    1 1 1 1 0

A490= 
    0 1 0 0 1
    1 0 0 0 0
    1 1 1 1 0

A491= 
    1 1 0 0 1
    1 0 0 0 0
    0 1 1 1 0

A492= 
    0 1 0 0 1
    1 0 0 0 0
    0 1 1 1 0

A493= 
    0 1 0 0 1
    1 1 0 0 0
    1 0 1 1 0

A494= 
    1 1 0 0 1
    0 1 0 0 0
    1 0 1 1 0

A495= 
    1 0 0 0 1
    1 1 0 0 0
    1 0 1 1 0

A496= 
    1 0 0 0 1
    0 1 0 0 0
    1 0 1 1 0

A497= 
    1 1 1 0 1
    0 1 1 0 0
    1 1 0 1 0

A498= 
    0 1 1 0 1
    1 1 1 0 0
    0 1 0 1 0

A499= 
    1 0 1 0 1
    0 1 1 0 0
    1 1 0 1 0

A500= 
    1 0 1 0 1
    1 1 1 0 0
    0 1 0 1 0

A501= 
    1 1 1 0 1
    1 0 1 0 0
    1 1 0 1 0

A502= 
    0 1 1 0 1
    1 0 1 0 0
    1 1 0 1 0

A503= 
    1 1 1 0 1
    1 0 1 0 0
    0 1 0 1 0

A504= 
    0 1 1 0 1
    1 0 1 0 0
    0 1 0 1 0

A505= 
    0 1 1 0 1
    1 1 1 0 0
    1 0 0 1 0

A506= 
    1 1 1 0 1
    0 1 1 0 0
    1 0 0 1 0

A507= 
    1 0 1 0 1
    1 1 1 0 0
    1 0 0 1 0

A508= 
    1 0 1 0 1
    0 1 1 0 0
    1 0 0 1 0

A509= 
    1 1 0 0 1
    0 1 1 0 0
    1 1 0 1 0

A510= 
    0 1 0 0 1
    1 1 1 0 0
    0 1 0 1 0

A511= 
    1 0 0 0 1
    0 1 1 0 0
    1 1 0 1 0

A512= 
    1 0 0 0 1
    1 1 1 0 0
    0 1 0 1 0

A513= 
    1 1 0 0 1
    1 0 1 0 0
    1 1 0 1 0

A514= 
    0 1 0 0 1
    1 0 1 0 0
    1 1 0 1 0

A515= 
    1 1 0 0 1
    1 0 1 0 0
    0 1 0 1 0

A516= 
    0 1 0 0 1
    1 0 1 0 0
    0 1 0 1 0

A517= 
    0 1 0 0 1
    1 1 1 0 0
    1 0 0 1 0

A518= 
    1 1 0 0 1
    0 1 1 0 0
    1 0 0 1 0

A519= 
    1 0 0 0 1
    1 1 1 0 0
    1 0 0 1 0

A520= 
    1 0 0 0 1
    0 1 1 0 0
    1 0 0 1 0

A521= 
    1 1 1 0 1
    0 1 0 0 0
    1 1 0 1 0

A522= 
    0 1 1 0 1
    1 1 0 0 0
    0 1 0 1 0

A523= 
    1 0 1 0 1
    0 1 0 0 0
    1 1 0 1 0

A524= 
    1 0 1 0 1
    1 1 0 0 0
    0 1 0 1 0

A525= 
    1 1 1 0 1
    1 0 0 0 0
    1 1 0 1 0

A526= 
    0 1 1 0 1
    1 0 0 0 0
    1 1 0 1 0

A527= 
    1 1 1 0 1
    1 0 0 0 0
    0 1 0 1 0

A528= 
    0 1 1 0 1
    1 0 0 0 0
    0 1 0 1 0

A529= 
    0 1 1 0 1
    1 1 0 0 0
    1 0 0 1 0

A530= 
    1 1 1 0 1
    0 1 0 0 0
    1 0 0 1 0

A531= 
    1 0 1 0 1
    1 1 0 0 0
    1 0 0 1 0

A532= 
    1 0 1 0 1
    0 1 0 0 0
    1 0 0 1 0
